  1.00000E+10  1.12202E+10  0.00000E+00      7355
  1.25893E+10  1.41254E+10  0.00000E+00      7355
  1.58489E+10  1.77828E+10  0.00000E+00      7355
  1.99526E+10  2.23872E+10  0.00000E+00      7355
  2.51189E+10  2.81838E+10  0.00000E+00      7355
  3.16228E+10  3.54813E+10  0.00000E+00      7355
  3.98107E+10  4.46684E+10  0.00000E+00      7355
  5.01187E+10  5.62341E+10  0.00000E+00      7355
  6.30957E+10  7.07946E+10  0.00000E+00      7355
  7.94328E+10  8.91251E+10  0.00000E+00      7355
  1.00000E+11  1.12202E+11  0.00000E+00      7355
  1.25893E+11  1.41254E+11  0.00000E+00      7355
  1.58489E+11  1.77828E+11  0.00000E+00      7355
  1.99526E+11  2.23872E+11  0.00000E+00      7355
  2.51189E+11  2.81838E+11  0.00000E+00      7355
  3.16228E+11  3.54813E+11  0.00000E+00      7355
  3.98107E+11  4.46684E+11  7.00000E-03      7355
  5.01187E+11  5.62341E+11  1.10700E-02      6655
  6.30957E+11  7.07946E+11  9.66000E-03      5548
  7.94328E+11  8.91251E+11  8.42000E-03      4582
  1.00000E+12  1.12202E+12  6.54000E-03      3740
  1.25893E+12  1.41254E+12  5.66000E-03      3086
  1.58489E+12  1.77828E+12  4.49000E-03      2520
  1.99526E+12  2.23872E+12  3.87000E-03      2071
  2.51189E+12  2.81838E+12  3.17000E-03      1684
  3.16228E+12  3.54813E+12  2.72000E-03      1367
  3.98107E+12  4.46684E+12  2.13000E-03      1095
  5.01187E+12  5.62341E+12  1.86000E-03       882
  6.30957E+12  7.07946E+12  1.22000E-03       696
  7.94328E+12  8.91251E+12  1.10000E-03       574
  1.00000E+13  1.12202E+13  9.40000E-04       464
  1.25893E+13  1.41254E+13  8.80000E-04       370
  1.58489E+13  1.77828E+13  6.70000E-04       282
  1.99526E+13  2.23872E+13  4.50000E-04       215
  2.51189E+13  2.81838E+13  3.90000E-04       170
  3.16228E+13  3.54813E+13  4.30000E-04       131
  3.98107E+13  4.46684E+13  1.70000E-04        88
  5.01187E+13  5.62341E+13  1.90000E-04        71
  6.30957E+13  7.07946E+13  1.40000E-04        52
  7.94328E+13  8.91251E+13  1.60000E-04        38
  1.00000E+14  1.12202E+14  7.00000E-05        22
  1.25893E+14  1.41254E+14  5.00000E-05        15
  1.58489E+14  1.77828E+14  2.00000E-05        10
  1.99526E+14  2.23872E+14  4.00000E-05         8
  2.51189E+14  2.81838E+14  2.00000E-05         4
  3.16228E+14  3.54813E+14  1.00000E-05         2
  3.98107E+14  4.46684E+14  0.00000E+00         1
  5.01187E+14  5.62341E+14  1.00000E-05         1
  6.30957E+14  7.07946E+14  0.00000E+00         0
  7.94328E+14  8.91251E+14  0.00000E+00         0
  1.00000E+15  1.12202E+15  0.00000E+00         0
  1.25893E+15  1.41254E+15  0.00000E+00         0
  1.58489E+15  1.77828E+15  0.00000E+00         0
  1.99526E+15  2.23872E+15  0.00000E+00         0
  2.51189E+15  2.81838E+15  0.00000E+00         0
  3.16228E+15  3.54813E+15  0.00000E+00         0
  3.98107E+15  4.46684E+15  0.00000E+00         0
  5.01187E+15  5.62341E+15  0.00000E+00         0
  6.30957E+15  7.07946E+15  0.00000E+00         0
  7.94328E+15  8.91251E+15  0.00000E+00         0
